{
 "cells": [
  {
   "cell_type": "markdown",
   "id": "1be86ce5",
   "metadata": {},
   "source": [
    "### 2.2 Question 2\n",
    "To implement a linear regression model, we will be using a toy dataset to\n",
    "ensure we’ve implemented the model correctly. To begin with this lab, we will\n",
    "want to download the boston dataset from:\n",
    "\n",
    "https://www.cs.toronto.edu/~delve/data/boston/bostonDetail.html.\n",
    "\n",
    "Download and save the dataset\n",
    "exactly as it is, and save it as a CSV.\n",
    "After we’ve downloaded the CSV file, we will want to parse and load the\n",
    "data into a pandas DataFrame.\n",
    "Create a load_boston_data(filepath: str) -> pd.DataFrame function.\n",
    "This may require iterating through each line in the file until you read the\n",
    "data, at this point you will need to parse the data. Finally, return the data\n",
    "as a dataframe."
   ]
  },
  {
   "cell_type": "markdown",
   "id": "139f8ee0",
   "metadata": {},
   "source": [
    " The Boston house-price data of Harrison, D. and Rubinfeld, D.L. 'Hedonic\n",
    " prices and the demand for clean air', J. Environ. Economics & Management,\n",
    " vol.5, 81-102, 1978.   Used in Belsley, Kuh & Welsch, 'Regression diagnostics\n",
    " ...', Wiley, 1980.   N.B. Various transformations are used in the table on\n",
    " pages 244-261 of the latter.\n",
    "\n",
    " **Variables in order:**\n",
    " \n",
    "  **- CRIM**     per capita crime rate by town.\n",
    "  \n",
    "  **- ZN**       proportion of residential land zoned for lots over 25,000 sq.ft.\n",
    "  \n",
    "  **- INDUS**    proportion of non-retail business acres per town.\n",
    "  \n",
    "  **- CHAS**     Charles River dummy variable (= 1 if tract bounds river; 0 otherwise).\n",
    "  \n",
    "  **- NOX**      nitric oxides concentration (parts per 10 million).\n",
    "  \n",
    "  **- RM**       average number of rooms per dwelling.\n",
    "  \n",
    "  **- AGE**      proportion of owner-occupied units built prior to 1940.\n",
    "  \n",
    "  **- DIS**      weighted distances to five Boston employment centres.\n",
    "  \n",
    "  **- RAD**      index of accessibility to radial highways.\n",
    "  \n",
    "  **- TAX**      full-value property-tax rate per $\\$$10,000.\n",
    "  \n",
    "  **- PTRATIO**  pupil-teacher ratio by town.\n",
    "  \n",
    "  **- B**        1000(Bk - 0.63)^2 where Bk is the proportion of blacks by town.\n",
    "  \n",
    "  **- LSTAT**    $\\%$ lower status of the population.\n",
    "  \n",
    "  **- MEDV**     Median value of owner-occupied homes in $1000's.\n",
    "  "
   ]
  },
  {
   "cell_type": "code",
   "execution_count": 1,
   "id": "b82ef054",
   "metadata": {
    "scrolled": false
   },
   "outputs": [],
   "source": [
    "\"\"\"\n",
    "Instead of creating a .csv file, a .txt file was created, \n",
    "because it allows to treat the dataset as a long string of characters,\n",
    "that help me to simplify the code by a regular expression over the whole text \n",
    "without the need to interact on the rows one by one looking for numbers.\n",
    "\"\"\"\n",
    "\n",
    "# First we create an object that allows us to open the data frame that was saved as a text file .txt file\n",
    "# and store it in the variable \"fileObject\".\n",
    "fileObject = open(\"data.txt\", \"r\")\n",
    "\n",
    "# We then read the data from the object and store it in the variable \"text\" of type str.\n",
    "text = fileObject.read()"
   ]
  },
  {
   "cell_type": "code",
   "execution_count": 2,
   "id": "2e6af106",
   "metadata": {
    "scrolled": false
   },
   "outputs": [],
   "source": [
    "# The regular expressions module is imported to allow us to clean the \"text\" variable.\n",
    "import re\n",
    "\n",
    "# Next we create a regular expression that will allow us to identify each of the numerical values in the variable \"text\".\n",
    "number_regex = re.compile(r'\\d+\\.*\\d*')\n",
    "\n",
    "# And we create a list that stores all the numerical data found using the regular expression\n",
    "list_1 = number_regex.findall(text)\n"
   ]
  },
  {
   "cell_type": "code",
   "execution_count": 3,
   "id": "c01ddebf",
   "metadata": {
    "scrolled": true
   },
   "outputs": [],
   "source": [
    "# As we know from the documentation the dataframe has 506 observations and 14 variables\n",
    "# all of them at the end of the text variable.\n",
    "# Therefore all the first numbers in the variable \"list_1\" are not part of the dataframe.\n",
    "# so we proceed to section the numbers that are only part of the data to be manipulated.\n",
    "# this is done by subtracting the length of the variable \"list_1\" minus the amount of data in the dataframe(506*14)\n",
    "# and this is stored again in the list variable.\n",
    "\n",
    "data = len(list_1) - 506*14\n",
    "list_1 = list_1[data:]"
   ]
  },
  {
   "cell_type": "code",
   "execution_count": 4,
   "id": "33f72589",
   "metadata": {},
   "outputs": [],
   "source": [
    "# To facilitate the construction of the dataframe we import numpy and create an np.array \n",
    "# to transform this data into a new array of 506 observations and 14 variables.\n",
    "import numpy as np\n",
    "arr = np.array(list_1)\n",
    "new_arr = arr.reshape(506, 14)\n",
    "\n",
    "# After that, these variables are transformed from str to float.\n",
    "new_arr = new_arr.astype(np.float64)"
   ]
  },
  {
   "cell_type": "code",
   "execution_count": 5,
   "id": "6d22f28d",
   "metadata": {
    "scrolled": false
   },
   "outputs": [
    {
     "data": {
      "text/html": [
       "<div>\n",
       "<style scoped>\n",
       "    .dataframe tbody tr th:only-of-type {\n",
       "        vertical-align: middle;\n",
       "    }\n",
       "\n",
       "    .dataframe tbody tr th {\n",
       "        vertical-align: top;\n",
       "    }\n",
       "\n",
       "    .dataframe thead th {\n",
       "        text-align: right;\n",
       "    }\n",
       "</style>\n",
       "<table border=\"1\" class=\"dataframe\">\n",
       "  <thead>\n",
       "    <tr style=\"text-align: right;\">\n",
       "      <th></th>\n",
       "      <th>CRIM</th>\n",
       "      <th>ZN</th>\n",
       "      <th>INDUS</th>\n",
       "      <th>CHAS</th>\n",
       "      <th>NOX</th>\n",
       "      <th>RM</th>\n",
       "      <th>AGE</th>\n",
       "      <th>DIS</th>\n",
       "      <th>RAD</th>\n",
       "      <th>TAX</th>\n",
       "      <th>PTRATIO</th>\n",
       "      <th>B</th>\n",
       "      <th>LSTAT</th>\n",
       "      <th>MEDV</th>\n",
       "    </tr>\n",
       "  </thead>\n",
       "  <tbody>\n",
       "    <tr>\n",
       "      <th>0</th>\n",
       "      <td>0.00632</td>\n",
       "      <td>18.0</td>\n",
       "      <td>2.31</td>\n",
       "      <td>0.0</td>\n",
       "      <td>0.538</td>\n",
       "      <td>6.575</td>\n",
       "      <td>65.2</td>\n",
       "      <td>4.0900</td>\n",
       "      <td>1.0</td>\n",
       "      <td>296.0</td>\n",
       "      <td>15.3</td>\n",
       "      <td>396.90</td>\n",
       "      <td>4.98</td>\n",
       "      <td>24.0</td>\n",
       "    </tr>\n",
       "    <tr>\n",
       "      <th>1</th>\n",
       "      <td>0.02731</td>\n",
       "      <td>0.0</td>\n",
       "      <td>7.07</td>\n",
       "      <td>0.0</td>\n",
       "      <td>0.469</td>\n",
       "      <td>6.421</td>\n",
       "      <td>78.9</td>\n",
       "      <td>4.9671</td>\n",
       "      <td>2.0</td>\n",
       "      <td>242.0</td>\n",
       "      <td>17.8</td>\n",
       "      <td>396.90</td>\n",
       "      <td>9.14</td>\n",
       "      <td>21.6</td>\n",
       "    </tr>\n",
       "    <tr>\n",
       "      <th>2</th>\n",
       "      <td>0.02729</td>\n",
       "      <td>0.0</td>\n",
       "      <td>7.07</td>\n",
       "      <td>0.0</td>\n",
       "      <td>0.469</td>\n",
       "      <td>7.185</td>\n",
       "      <td>61.1</td>\n",
       "      <td>4.9671</td>\n",
       "      <td>2.0</td>\n",
       "      <td>242.0</td>\n",
       "      <td>17.8</td>\n",
       "      <td>392.83</td>\n",
       "      <td>4.03</td>\n",
       "      <td>34.7</td>\n",
       "    </tr>\n",
       "    <tr>\n",
       "      <th>3</th>\n",
       "      <td>0.03237</td>\n",
       "      <td>0.0</td>\n",
       "      <td>2.18</td>\n",
       "      <td>0.0</td>\n",
       "      <td>0.458</td>\n",
       "      <td>6.998</td>\n",
       "      <td>45.8</td>\n",
       "      <td>6.0622</td>\n",
       "      <td>3.0</td>\n",
       "      <td>222.0</td>\n",
       "      <td>18.7</td>\n",
       "      <td>394.63</td>\n",
       "      <td>2.94</td>\n",
       "      <td>33.4</td>\n",
       "    </tr>\n",
       "    <tr>\n",
       "      <th>4</th>\n",
       "      <td>0.06905</td>\n",
       "      <td>0.0</td>\n",
       "      <td>2.18</td>\n",
       "      <td>0.0</td>\n",
       "      <td>0.458</td>\n",
       "      <td>7.147</td>\n",
       "      <td>54.2</td>\n",
       "      <td>6.0622</td>\n",
       "      <td>3.0</td>\n",
       "      <td>222.0</td>\n",
       "      <td>18.7</td>\n",
       "      <td>396.90</td>\n",
       "      <td>5.33</td>\n",
       "      <td>36.2</td>\n",
       "    </tr>\n",
       "  </tbody>\n",
       "</table>\n",
       "</div>"
      ],
      "text/plain": [
       "      CRIM    ZN  INDUS  CHAS    NOX     RM   AGE     DIS  RAD    TAX  \\\n",
       "0  0.00632  18.0   2.31   0.0  0.538  6.575  65.2  4.0900  1.0  296.0   \n",
       "1  0.02731   0.0   7.07   0.0  0.469  6.421  78.9  4.9671  2.0  242.0   \n",
       "2  0.02729   0.0   7.07   0.0  0.469  7.185  61.1  4.9671  2.0  242.0   \n",
       "3  0.03237   0.0   2.18   0.0  0.458  6.998  45.8  6.0622  3.0  222.0   \n",
       "4  0.06905   0.0   2.18   0.0  0.458  7.147  54.2  6.0622  3.0  222.0   \n",
       "\n",
       "   PTRATIO       B  LSTAT  MEDV  \n",
       "0     15.3  396.90   4.98  24.0  \n",
       "1     17.8  396.90   9.14  21.6  \n",
       "2     17.8  392.83   4.03  34.7  \n",
       "3     18.7  394.63   2.94  33.4  \n",
       "4     18.7  396.90   5.33  36.2  "
      ]
     },
     "execution_count": 5,
     "metadata": {},
     "output_type": "execute_result"
    }
   ],
   "source": [
    "# Using pandas we create a dataframe making use of the transformed np.array created above\n",
    "# and assign the columns according to what is written in the dataframe documentation.\n",
    "\n",
    "import pandas as pd\n",
    "variables = ['CRIM','ZN','INDUS','CHAS','NOX','RM','AGE','DIS','RAD',\n",
    "             'TAX', 'PTRATIO', 'B', 'LSTAT', 'MEDV']\n",
    "df = pd.DataFrame(new_arr, columns = variables)\n",
    "\n",
    "# The first 5 rows of the data frame are displayed.\n",
    "df.head()"
   ]
  },
  {
   "cell_type": "code",
   "execution_count": 6,
   "id": "1570b4bd",
   "metadata": {},
   "outputs": [
    {
     "data": {
      "text/plain": [
       "(506, 14)"
      ]
     },
     "execution_count": 6,
     "metadata": {},
     "output_type": "execute_result"
    }
   ],
   "source": [
    "# Se verfifica que el tamaño del dataframe sea el correcto\n",
    "df.shape"
   ]
  },
  {
   "cell_type": "code",
   "execution_count": 7,
   "id": "55e0b554",
   "metadata": {},
   "outputs": [],
   "source": [
    "# Based on the documentation, we create a list of predictor variables.\n",
    "predictors = ['CRIM','ZN','INDUS','CHAS','RM','AGE','DIS','RAD', 'TAX', 'PTRATIO', 'B', 'LSTAT']\n",
    "\n",
    "# To separate them into a separate dataframe \"X\".\n",
    "X = df[predictors]\n",
    "\n",
    "# We do the same for the response variable \"MEDV\".\n",
    "y = df['MEDV']\n"
   ]
  },
  {
   "cell_type": "markdown",
   "id": "804a09eb",
   "metadata": {},
   "source": [
    "### 2.3 Question 3\n",
    "Visualise some scatter plots of the columns of your choice against the target\n",
    "house price column (i.e. the column of your choice will be on the x-axis, will\n",
    "house price will be the y-axis).\n",
    "Decide what you think will be the singular best column to use for using\n",
    "a linear model to predict the house price.\n",
    "What is this column?"
   ]
  },
  {
   "cell_type": "code",
   "execution_count": 8,
   "id": "f73e2905",
   "metadata": {
    "scrolled": false
   },
   "outputs": [
    {
     "data": {
      "text/html": [
       "<div>\n",
       "<style scoped>\n",
       "    .dataframe tbody tr th:only-of-type {\n",
       "        vertical-align: middle;\n",
       "    }\n",
       "\n",
       "    .dataframe tbody tr th {\n",
       "        vertical-align: top;\n",
       "    }\n",
       "\n",
       "    .dataframe thead th {\n",
       "        text-align: right;\n",
       "    }\n",
       "</style>\n",
       "<table border=\"1\" class=\"dataframe\">\n",
       "  <thead>\n",
       "    <tr style=\"text-align: right;\">\n",
       "      <th></th>\n",
       "      <th>CRIM</th>\n",
       "      <th>ZN</th>\n",
       "      <th>INDUS</th>\n",
       "      <th>CHAS</th>\n",
       "      <th>NOX</th>\n",
       "      <th>RM</th>\n",
       "      <th>AGE</th>\n",
       "      <th>DIS</th>\n",
       "      <th>RAD</th>\n",
       "      <th>TAX</th>\n",
       "      <th>PTRATIO</th>\n",
       "      <th>B</th>\n",
       "      <th>LSTAT</th>\n",
       "      <th>MEDV</th>\n",
       "    </tr>\n",
       "  </thead>\n",
       "  <tbody>\n",
       "    <tr>\n",
       "      <th>CRIM</th>\n",
       "      <td>1.000</td>\n",
       "      <td>-0.200</td>\n",
       "      <td>0.407</td>\n",
       "      <td>-0.056</td>\n",
       "      <td>0.421</td>\n",
       "      <td>-0.219</td>\n",
       "      <td>0.353</td>\n",
       "      <td>-0.380</td>\n",
       "      <td>0.626</td>\n",
       "      <td>0.583</td>\n",
       "      <td>0.290</td>\n",
       "      <td>-0.385</td>\n",
       "      <td>0.456</td>\n",
       "      <td>-0.388</td>\n",
       "    </tr>\n",
       "    <tr>\n",
       "      <th>ZN</th>\n",
       "      <td>-0.200</td>\n",
       "      <td>1.000</td>\n",
       "      <td>-0.534</td>\n",
       "      <td>-0.043</td>\n",
       "      <td>-0.517</td>\n",
       "      <td>0.312</td>\n",
       "      <td>-0.570</td>\n",
       "      <td>0.664</td>\n",
       "      <td>-0.312</td>\n",
       "      <td>-0.315</td>\n",
       "      <td>-0.392</td>\n",
       "      <td>0.176</td>\n",
       "      <td>-0.413</td>\n",
       "      <td>0.360</td>\n",
       "    </tr>\n",
       "    <tr>\n",
       "      <th>INDUS</th>\n",
       "      <td>0.407</td>\n",
       "      <td>-0.534</td>\n",
       "      <td>1.000</td>\n",
       "      <td>0.063</td>\n",
       "      <td>0.764</td>\n",
       "      <td>-0.392</td>\n",
       "      <td>0.645</td>\n",
       "      <td>-0.708</td>\n",
       "      <td>0.595</td>\n",
       "      <td>0.721</td>\n",
       "      <td>0.383</td>\n",
       "      <td>-0.357</td>\n",
       "      <td>0.604</td>\n",
       "      <td>-0.484</td>\n",
       "    </tr>\n",
       "    <tr>\n",
       "      <th>CHAS</th>\n",
       "      <td>-0.056</td>\n",
       "      <td>-0.043</td>\n",
       "      <td>0.063</td>\n",
       "      <td>1.000</td>\n",
       "      <td>0.091</td>\n",
       "      <td>0.091</td>\n",
       "      <td>0.087</td>\n",
       "      <td>-0.099</td>\n",
       "      <td>-0.007</td>\n",
       "      <td>-0.036</td>\n",
       "      <td>-0.122</td>\n",
       "      <td>0.049</td>\n",
       "      <td>-0.054</td>\n",
       "      <td>0.175</td>\n",
       "    </tr>\n",
       "    <tr>\n",
       "      <th>NOX</th>\n",
       "      <td>0.421</td>\n",
       "      <td>-0.517</td>\n",
       "      <td>0.764</td>\n",
       "      <td>0.091</td>\n",
       "      <td>1.000</td>\n",
       "      <td>-0.302</td>\n",
       "      <td>0.731</td>\n",
       "      <td>-0.769</td>\n",
       "      <td>0.611</td>\n",
       "      <td>0.668</td>\n",
       "      <td>0.189</td>\n",
       "      <td>-0.380</td>\n",
       "      <td>0.591</td>\n",
       "      <td>-0.427</td>\n",
       "    </tr>\n",
       "    <tr>\n",
       "      <th>RM</th>\n",
       "      <td>-0.219</td>\n",
       "      <td>0.312</td>\n",
       "      <td>-0.392</td>\n",
       "      <td>0.091</td>\n",
       "      <td>-0.302</td>\n",
       "      <td>1.000</td>\n",
       "      <td>-0.240</td>\n",
       "      <td>0.205</td>\n",
       "      <td>-0.210</td>\n",
       "      <td>-0.292</td>\n",
       "      <td>-0.356</td>\n",
       "      <td>0.128</td>\n",
       "      <td>-0.614</td>\n",
       "      <td>0.695</td>\n",
       "    </tr>\n",
       "    <tr>\n",
       "      <th>AGE</th>\n",
       "      <td>0.353</td>\n",
       "      <td>-0.570</td>\n",
       "      <td>0.645</td>\n",
       "      <td>0.087</td>\n",
       "      <td>0.731</td>\n",
       "      <td>-0.240</td>\n",
       "      <td>1.000</td>\n",
       "      <td>-0.748</td>\n",
       "      <td>0.456</td>\n",
       "      <td>0.506</td>\n",
       "      <td>0.262</td>\n",
       "      <td>-0.274</td>\n",
       "      <td>0.602</td>\n",
       "      <td>-0.377</td>\n",
       "    </tr>\n",
       "    <tr>\n",
       "      <th>DIS</th>\n",
       "      <td>-0.380</td>\n",
       "      <td>0.664</td>\n",
       "      <td>-0.708</td>\n",
       "      <td>-0.099</td>\n",
       "      <td>-0.769</td>\n",
       "      <td>0.205</td>\n",
       "      <td>-0.748</td>\n",
       "      <td>1.000</td>\n",
       "      <td>-0.495</td>\n",
       "      <td>-0.534</td>\n",
       "      <td>-0.232</td>\n",
       "      <td>0.292</td>\n",
       "      <td>-0.497</td>\n",
       "      <td>0.250</td>\n",
       "    </tr>\n",
       "    <tr>\n",
       "      <th>RAD</th>\n",
       "      <td>0.626</td>\n",
       "      <td>-0.312</td>\n",
       "      <td>0.595</td>\n",
       "      <td>-0.007</td>\n",
       "      <td>0.611</td>\n",
       "      <td>-0.210</td>\n",
       "      <td>0.456</td>\n",
       "      <td>-0.495</td>\n",
       "      <td>1.000</td>\n",
       "      <td>0.910</td>\n",
       "      <td>0.465</td>\n",
       "      <td>-0.444</td>\n",
       "      <td>0.489</td>\n",
       "      <td>-0.382</td>\n",
       "    </tr>\n",
       "    <tr>\n",
       "      <th>TAX</th>\n",
       "      <td>0.583</td>\n",
       "      <td>-0.315</td>\n",
       "      <td>0.721</td>\n",
       "      <td>-0.036</td>\n",
       "      <td>0.668</td>\n",
       "      <td>-0.292</td>\n",
       "      <td>0.506</td>\n",
       "      <td>-0.534</td>\n",
       "      <td>0.910</td>\n",
       "      <td>1.000</td>\n",
       "      <td>0.461</td>\n",
       "      <td>-0.442</td>\n",
       "      <td>0.544</td>\n",
       "      <td>-0.469</td>\n",
       "    </tr>\n",
       "    <tr>\n",
       "      <th>PTRATIO</th>\n",
       "      <td>0.290</td>\n",
       "      <td>-0.392</td>\n",
       "      <td>0.383</td>\n",
       "      <td>-0.122</td>\n",
       "      <td>0.189</td>\n",
       "      <td>-0.356</td>\n",
       "      <td>0.262</td>\n",
       "      <td>-0.232</td>\n",
       "      <td>0.465</td>\n",
       "      <td>0.461</td>\n",
       "      <td>1.000</td>\n",
       "      <td>-0.177</td>\n",
       "      <td>0.374</td>\n",
       "      <td>-0.508</td>\n",
       "    </tr>\n",
       "    <tr>\n",
       "      <th>B</th>\n",
       "      <td>-0.385</td>\n",
       "      <td>0.176</td>\n",
       "      <td>-0.357</td>\n",
       "      <td>0.049</td>\n",
       "      <td>-0.380</td>\n",
       "      <td>0.128</td>\n",
       "      <td>-0.274</td>\n",
       "      <td>0.292</td>\n",
       "      <td>-0.444</td>\n",
       "      <td>-0.442</td>\n",
       "      <td>-0.177</td>\n",
       "      <td>1.000</td>\n",
       "      <td>-0.366</td>\n",
       "      <td>0.333</td>\n",
       "    </tr>\n",
       "    <tr>\n",
       "      <th>LSTAT</th>\n",
       "      <td>0.456</td>\n",
       "      <td>-0.413</td>\n",
       "      <td>0.604</td>\n",
       "      <td>-0.054</td>\n",
       "      <td>0.591</td>\n",
       "      <td>-0.614</td>\n",
       "      <td>0.602</td>\n",
       "      <td>-0.497</td>\n",
       "      <td>0.489</td>\n",
       "      <td>0.544</td>\n",
       "      <td>0.374</td>\n",
       "      <td>-0.366</td>\n",
       "      <td>1.000</td>\n",
       "      <td>-0.738</td>\n",
       "    </tr>\n",
       "    <tr>\n",
       "      <th>MEDV</th>\n",
       "      <td>-0.388</td>\n",
       "      <td>0.360</td>\n",
       "      <td>-0.484</td>\n",
       "      <td>0.175</td>\n",
       "      <td>-0.427</td>\n",
       "      <td>0.695</td>\n",
       "      <td>-0.377</td>\n",
       "      <td>0.250</td>\n",
       "      <td>-0.382</td>\n",
       "      <td>-0.469</td>\n",
       "      <td>-0.508</td>\n",
       "      <td>0.333</td>\n",
       "      <td>-0.738</td>\n",
       "      <td>1.000</td>\n",
       "    </tr>\n",
       "  </tbody>\n",
       "</table>\n",
       "</div>"
      ],
      "text/plain": [
       "          CRIM     ZN  INDUS   CHAS    NOX     RM    AGE    DIS    RAD    TAX  \\\n",
       "CRIM     1.000 -0.200  0.407 -0.056  0.421 -0.219  0.353 -0.380  0.626  0.583   \n",
       "ZN      -0.200  1.000 -0.534 -0.043 -0.517  0.312 -0.570  0.664 -0.312 -0.315   \n",
       "INDUS    0.407 -0.534  1.000  0.063  0.764 -0.392  0.645 -0.708  0.595  0.721   \n",
       "CHAS    -0.056 -0.043  0.063  1.000  0.091  0.091  0.087 -0.099 -0.007 -0.036   \n",
       "NOX      0.421 -0.517  0.764  0.091  1.000 -0.302  0.731 -0.769  0.611  0.668   \n",
       "RM      -0.219  0.312 -0.392  0.091 -0.302  1.000 -0.240  0.205 -0.210 -0.292   \n",
       "AGE      0.353 -0.570  0.645  0.087  0.731 -0.240  1.000 -0.748  0.456  0.506   \n",
       "DIS     -0.380  0.664 -0.708 -0.099 -0.769  0.205 -0.748  1.000 -0.495 -0.534   \n",
       "RAD      0.626 -0.312  0.595 -0.007  0.611 -0.210  0.456 -0.495  1.000  0.910   \n",
       "TAX      0.583 -0.315  0.721 -0.036  0.668 -0.292  0.506 -0.534  0.910  1.000   \n",
       "PTRATIO  0.290 -0.392  0.383 -0.122  0.189 -0.356  0.262 -0.232  0.465  0.461   \n",
       "B       -0.385  0.176 -0.357  0.049 -0.380  0.128 -0.274  0.292 -0.444 -0.442   \n",
       "LSTAT    0.456 -0.413  0.604 -0.054  0.591 -0.614  0.602 -0.497  0.489  0.544   \n",
       "MEDV    -0.388  0.360 -0.484  0.175 -0.427  0.695 -0.377  0.250 -0.382 -0.469   \n",
       "\n",
       "         PTRATIO      B  LSTAT   MEDV  \n",
       "CRIM       0.290 -0.385  0.456 -0.388  \n",
       "ZN        -0.392  0.176 -0.413  0.360  \n",
       "INDUS      0.383 -0.357  0.604 -0.484  \n",
       "CHAS      -0.122  0.049 -0.054  0.175  \n",
       "NOX        0.189 -0.380  0.591 -0.427  \n",
       "RM        -0.356  0.128 -0.614  0.695  \n",
       "AGE        0.262 -0.274  0.602 -0.377  \n",
       "DIS       -0.232  0.292 -0.497  0.250  \n",
       "RAD        0.465 -0.444  0.489 -0.382  \n",
       "TAX        0.461 -0.442  0.544 -0.469  \n",
       "PTRATIO    1.000 -0.177  0.374 -0.508  \n",
       "B         -0.177  1.000 -0.366  0.333  \n",
       "LSTAT      0.374 -0.366  1.000 -0.738  \n",
       "MEDV      -0.508  0.333 -0.738  1.000  "
      ]
     },
     "execution_count": 8,
     "metadata": {},
     "output_type": "execute_result"
    }
   ],
   "source": [
    "# To facilitate the identification of which variables are the best to generate our linear regression model.\n",
    "# We generate a correlation matrix between the variables.\n",
    "round(df.corr(),3)"
   ]
  },
  {
   "cell_type": "code",
   "execution_count": 9,
   "id": "3b026be9",
   "metadata": {
    "scrolled": false
   },
   "outputs": [
    {
     "data": {
